# t     E(t)    Z(t)
# nu = 0.001  delta = 0.2  eps = 0.01  U0 = 1.0
0.100000  1.5554497234e-01  5.2841048541e-01
0.200000  1.5551769977e-01  5.2633292117e-01
0.300000  1.5549044571e-01  5.2428405133e-01
0.400000  1.5546321008e-01  5.2226311577e-01
0.500000  1.5543599278e-01  5.2026938624e-01
0.600000  1.5540879370e-01  5.1830216439e-01
0.700000  1.5538161275e-01  5.1636078007e-01
0.800000  1.5535444981e-01  5.1444458966e-01
0.900000  1.5532730475e-01  5.1255297465e-01
1.000000  1.5530017747e-01  5.1068534020e-01
1.100000  1.5527306781e-01  5.0884111389e-01
1.200000  1.5524597566e-01  5.0701974451e-01
1.300000  1.5521890085e-01  5.0522070099e-01
1.400000  1.5519184325e-01  5.0344347134e-01
1.500000  1.5516480268e-01  5.0168756169e-01
1.600000  1.5513777897e-01  4.9995249540e-01
1.700000  1.5511077193e-01  4.9823781224e-01
1.800000  1.5508378137e-01  4.9654306755e-01
1.900000  1.5505680708e-01  4.9486783155e-01
2.000000  1.5502984882e-01  4.9321168865e-01
2.100000  1.5500290635e-01  4.9157423675e-01
2.200000  1.5497597941e-01  4.8995508668e-01
2.300000  1.5494906771e-01  4.8835386160e-01
2.400000  1.5492217095e-01  4.8677019645e-01
2.500000  1.5489528877e-01  4.8520373748e-01
2.600000  1.5486842083e-01  4.8365414168e-01
2.700000  1.5484156673e-01  4.8212107642e-01
2.800000  1.5481472602e-01  4.8060421894e-01
2.900000  1.5478789825e-01  4.7910325601e-01
3.000000  1.5476108289e-01  4.7761788345e-01
3.100000  1.5473427937e-01  4.7614780585e-01
3.200000  1.5470748709e-01  4.7469273617e-01
3.300000  1.5468070536e-01  4.7325239542e-01
3.400000  1.5465393343e-01  4.7182651232e-01
3.500000  1.5462717050e-01  4.7041482305e-01
3.600000  1.5460041566e-01  4.6901707090e-01
3.700000  1.5457366792e-01  4.6763300605e-01
3.800000  1.5454692620e-01  4.6626238525e-01
3.900000  1.5452018929e-01  4.6490497162e-01
4.000000  1.5449345589e-01  4.6356053438e-01
4.100000  1.5446672454e-01  4.6222884862e-01
4.200000  1.5443999364e-01  4.6090969510e-01
4.300000  1.5441326142e-01  4.5960286000e-01
4.400000  1.5438652594e-01  4.5830813474e-01
4.500000  1.5435978506e-01  4.5702531579e-01
4.600000  1.5433303639e-01  4.5575420444e-01
4.700000  1.5430627735e-01  4.5449460665e-01
4.800000  1.5427950503e-01  4.5324633285e-01
4.900000  1.5425271627e-01  4.5200919779e-01
5.000000  1.5422590755e-01  4.5078302032e-01
5.100000  1.5419907500e-01  4.4956762328e-01
5.200000  1.5417221434e-01  4.4836283330e-01
5.300000  1.5414532087e-01  4.4716848063e-01
5.400000  1.5411838937e-01  4.4598439902e-01
5.500000  1.5409141411e-01  4.4481042554e-01
5.600000  1.5406438875e-01  4.4364640042e-01
5.700000  1.5403730630e-01  4.4249216690e-01
5.800000  1.5401015906e-01  4.4134757106e-01
5.900000  1.5398293851e-01  4.4021246170e-01
6.000000  1.5395563528e-01  4.3908669015e-01
6.100000  1.5392823904e-01  4.3797011010e-01
6.200000  1.5390073838e-01  4.3686257747e-01
6.300000  1.5387312074e-01  4.3576395024e-01
6.400000  1.5384537228e-01  4.3467408822e-01
6.500000  1.5381747775e-01  4.3359285298e-01
6.600000  1.5378942035e-01  4.3252010754e-01
6.700000  1.5376118158e-01  4.3145571630e-01
6.800000  1.5373274109e-01  4.3039954473e-01
6.900000  1.5370407647e-01  4.2935145926e-01
7.000000  1.5367516309e-01  4.2831132698e-01
7.100000  1.5364597385e-01  4.2727901545e-01
7.200000  1.5361647898e-01  4.2625439245e-01
7.300000  1.5358664576e-01  4.2523732570e-01
7.400000  1.5355643829e-01  4.2422768259e-01
7.500000  1.5352581716e-01  4.2322532988e-01
7.600000  1.5349473914e-01  4.2223013338e-01
7.700000  1.5346315688e-01  4.2124195760e-01
7.800000  1.5343101852e-01  4.2026066540e-01
7.900000  1.5339826730e-01  4.1928611756e-01
8.000000  1.5336484120e-01  4.1831817238e-01
8.100000  1.5333067245e-01  4.1735668521e-01
8.200000  1.5329568717e-01  4.1640150793e-01
8.300000  1.5325980480e-01  4.1545248845e-01
8.400000  1.5322293775e-01  4.1450947010e-01
8.500000  1.5318499082e-01  4.1357229100e-01
8.600000  1.5314586074e-01  4.1264078340e-01
8.700000  1.5310543576e-01  4.1171477292e-01
8.800000  1.5306359512e-01  4.1079407782e-01
8.900000  1.5302020866e-01  4.0987850806e-01
9.000000  1.5297513648e-01  4.0896786447e-01
9.100000  1.5292822865e-01  4.0806193770e-01
9.200000  1.5287932503e-01  4.0716050725e-01
9.300000  1.5282825520e-01  4.0626334026e-01
9.400000  1.5277483866e-01  4.0537019037e-01
9.500000  1.5271888515e-01  4.0448079647e-01
9.600000  1.5266019531e-01  4.0359488131e-01
9.700000  1.5259856165e-01  4.0271215015e-01
9.800000  1.5253376993e-01  4.0183228927e-01
9.900000  1.5246560106e-01  4.0095496451e-01
10.000000  1.5239383352e-01  4.0007981968e-01
10.100000  1.5231824641e-01  3.9920647504e-01
10.200000  1.5223862332e-01  3.9833452574e-01
10.300000  1.5215475691e-01  3.9746354031e-01
10.400000  1.5206645445e-01  3.9659305926e-01
10.500000  1.5197354424e-01  3.9572259369e-01
10.600000  1.5187588296e-01  3.9485162419e-01
10.700000  1.5177336404e-01  3.9397959986e-01
10.800000  1.5166592673e-01  3.9310593768e-01
10.900000  1.5155356592e-01  3.9223002214e-01
11.000000  1.5143634243e-01  3.9135120531e-01
11.100000  1.5131439336e-01  3.9046880740e-01
11.200000  1.5118794219e-01  3.8958211777e-01
11.300000  1.5105730803e-01  3.8869039655e-01
11.400000  1.5092291351e-01  3.8779287684e-01
11.500000  1.5078529072e-01  3.8688876757e-01
11.600000  1.5064508442e-01  3.8597725689e-01
11.700000  1.5050305220e-01  3.8505751627e-01
11.800000  1.5036006091e-01  3.8412870512e-01
11.900000  1.5021707918e-01  3.8318997597e-01
12.000000  1.5007516577e-01  3.8224048005e-01
12.100000  1.4993545388e-01  3.8127937335e-01
12.200000  1.4979913172e-01  3.8030582288e-01
12.300000  1.4966741973e-01  3.7931901321e-01
12.400000  1.4954154516e-01  3.7831815318e-01
12.500000  1.4942271487e-01  3.7730248254e-01
12.600000  1.4931208726e-01  3.7627127880e-01
12.700000  1.4921074442e-01  3.7522386389e-01
12.800000  1.4911966558e-01  3.7415961087e-01
12.900000  1.4903970301e-01  3.7307795055e-01
13.000000  1.4897156135e-01  3.7197837807e-01
13.100000  1.4891578126e-01  3.7086045937e-01
13.200000  1.4887272805e-01  3.6972383755e-01
13.300000  1.4884258585e-01  3.6856823905e-01
13.400000  1.4882535727e-01  3.6739347954e-01
13.500000  1.4882086852e-01  3.6619946936e-01
13.600000  1.4882877960e-01  3.6498621840e-01
13.700000  1.4884859874e-01  3.6375384018e-01
13.800000  1.4887970038e-01  3.6250255488e-01
13.900000  1.4892134568e-01  3.6123269124e-01
14.000000  1.4897270450e-01  3.5994468710e-01
14.100000  1.4903287797e-01  3.5863908841e-01
14.200000  1.4910092056e-01  3.5731654677e-01
14.300000  1.4917586113e-01  3.5597781537e-01
14.400000  1.4925672203e-01  3.5462374349e-01
14.500000  1.4934253609e-01  3.5325526960e-01
14.600000  1.4943236101e-01  3.5187341334e-01
14.700000  1.4952529123e-01  3.5047926648e-01
14.800000  1.4962046711e-01  3.4907398312e-01
14.900000  1.4971708184e-01  3.4765876955e-01
15.000000  1.4981438600e-01  3.4623487373e-01
15.100000  1.4991169043e-01  3.4480357488e-01
15.200000  1.5000836735e-01  3.4336617333e-01
15.300000  1.5010385036e-01  3.4192398077e-01
15.400000  1.5019763341e-01  3.4047831109e-01
15.500000  1.5028926913e-01  3.3903047202e-01
15.600000  1.5037836665e-01  3.3758175746e-01
15.700000  1.5046458924e-01  3.3613344072e-01
15.800000  1.5054765173e-01  3.3468676854e-01
15.900000  1.5062731798e-01  3.3324295601e-01
16.000000  1.5070339836e-01  3.3180318218e-01
16.100000  1.5077574735e-01  3.3036858639e-01
16.200000  1.5084426117e-01  3.2894026529e-01
16.300000  1.5090887550e-01  3.2751927038e-01
16.400000  1.5096956316e-01  3.2610660603e-01
16.500000  1.5102633183e-01  3.2470322799e-01
16.600000  1.5107922163e-01  3.2331004225e-01
16.700000  1.5112830256e-01  3.2192790419e-01
16.800000  1.5117367177e-01  3.2055761812e-01
16.900000  1.5121545065e-01  3.1919993697e-01
17.000000  1.5125378168e-01  3.1785556233e-01
17.100000  1.5128882513e-01  3.1652514457e-01
17.200000  1.5132075547e-01  3.1520928330e-01
17.300000  1.5134975786e-01  3.1390852791e-01
17.400000  1.5137602435e-01  3.1262337831e-01
17.500000  1.5139975030e-01  3.1135428578e-01
17.600000  1.5142113076e-01  3.1010165403e-01
17.700000  1.5144035707e-01  3.0886584029e-01
17.800000  1.5145761378e-01  3.0764715655e-01
17.900000  1.5147307581e-01  3.0644587090e-01
18.000000  1.5148690610e-01  3.0526220893e-01
18.100000  1.5149925369e-01  3.0409635517e-01
18.200000  1.5151025232e-01  3.0294845470e-01
18.300000  1.5152001949e-01  3.0181861468e-01
18.400000  1.5152865609e-01  3.0070690604e-01
18.500000  1.5153624652e-01  2.9961336517e-01
18.600000  1.5154285923e-01  2.9853799565e-01
18.700000  1.5154854777e-01  2.9748076998e-01
18.800000  1.5155335209e-01  2.9644163144e-01
18.900000  1.5155730018e-01  2.9542049585e-01
19.000000  1.5156040999e-01  2.9441725340e-01
19.100000  1.5156269137e-01  2.9343177050e-01
19.200000  1.5156414817e-01  2.9246389163e-01
19.300000  1.5156478028e-01  2.9151344107e-01
19.400000  1.5156458561e-01  2.9058022479e-01
19.500000  1.5156356192e-01  2.8966403214e-01
19.600000  1.5156170848e-01  2.8876463763e-01
19.700000  1.5155902744e-01  2.8788180256e-01
19.800000  1.5155552496e-01  2.8701527665e-01
19.900000  1.5155121212e-01  2.8616479963e-01
20.000000  1.5154610540e-01  2.8533010268e-01
