# t     E(t)    Z(t)
# nu = 1.0e-5  delta = 0.2  eps = 0.01  U0 = 1.0
0.100000  1.5557199028e-01  5.3049631882e-01
0.200000  1.5557171652e-01  5.3047510266e-01
0.300000  1.5557144226e-01  5.3045388953e-01
0.400000  1.5557116746e-01  5.3043267944e-01
0.500000  1.5557089213e-01  5.3041147237e-01
0.600000  1.5557061622e-01  5.3039026833e-01
0.700000  1.5557033970e-01  5.3036906732e-01
0.800000  1.5557006254e-01  5.3034786933e-01
0.900000  1.5556978469e-01  5.3032667437e-01
1.000000  1.5556950609e-01  5.3030548244e-01
1.100000  1.5556922667e-01  5.3028429353e-01
1.200000  1.5556894637e-01  5.3026310764e-01
1.300000  1.5556866509e-01  5.3024192477e-01
1.400000  1.5556838274e-01  5.3022074492e-01
1.500000  1.5556809921e-01  5.3019956809e-01
1.600000  1.5556781437e-01  5.3017839428e-01
1.700000  1.5556752810e-01  5.3015722347e-01
1.800000  1.5556724022e-01  5.3013605568e-01
1.900000  1.5556695057e-01  5.3011489089e-01
2.000000  1.5556665895e-01  5.3009372911e-01
2.100000  1.5556636513e-01  5.3007257032e-01
2.200000  1.5556606886e-01  5.3005141453e-01
2.300000  1.5556576988e-01  5.3003026173e-01
2.400000  1.5556546786e-01  5.3000911190e-01
2.500000  1.5556516245e-01  5.2998796506e-01
2.600000  1.5556485327e-01  5.2996682117e-01
2.700000  1.5556453987e-01  5.2994568025e-01
2.800000  1.5556422177e-01  5.2992454227e-01
2.900000  1.5556389842e-01  5.2990340723e-01
3.000000  1.5556356919e-01  5.2988227511e-01
3.100000  1.5556323340e-01  5.2986114589e-01
3.200000  1.5556289029e-01  5.2984001955e-01
3.300000  1.5556253899e-01  5.2981889609e-01
3.400000  1.5556217853e-01  5.2979777547e-01
3.500000  1.5556180783e-01  5.2977665766e-01
3.600000  1.5556142570e-01  5.2975554265e-01
3.700000  1.5556103076e-01  5.2973443038e-01
3.800000  1.5556062152e-01  5.2971332084e-01
3.900000  1.5556019627e-01  5.2969221397e-01
4.000000  1.5555975313e-01  5.2967110973e-01
4.100000  1.5555928996e-01  5.2965000805e-01
4.200000  1.5555880439e-01  5.2962890889e-01
4.300000  1.5555829377e-01  5.2960781217e-01
4.400000  1.5555775512e-01  5.2958671781e-01
4.500000  1.5555718510e-01  5.2956562573e-01
4.600000  1.5555658000e-01  5.2954453582e-01
4.700000  1.5555593563e-01  5.2952344798e-01
4.800000  1.5555524734e-01  5.2950236207e-01
4.900000  1.5555450989e-01  5.2948127796e-01
5.000000  1.5555371744e-01  5.2946019548e-01
5.100000  1.5555286345e-01  5.2943911446e-01
5.200000  1.5555194058e-01  5.2941803470e-01
5.300000  1.5555094066e-01  5.2939695596e-01
5.400000  1.5554985449e-01  5.2937587800e-01
5.500000  1.5554867184e-01  5.2935480052e-01
5.600000  1.5554738121e-01  5.2933372320e-01
5.700000  1.5554596976e-01  5.2931264569e-01
5.800000  1.5554442314e-01  5.2929156758e-01
5.900000  1.5554272528e-01  5.2927048841e-01
6.000000  1.5554085820e-01  5.2924940767e-01
6.100000  1.5553880182e-01  5.2922832478e-01
6.200000  1.5553653366e-01  5.2920723911e-01
6.300000  1.5553402862e-01  5.2918614992e-01
6.400000  1.5553125863e-01  5.2916505642e-01
6.500000  1.5552819233e-01  5.2914395768e-01
6.600000  1.5552479467e-01  5.2912285270e-01
6.700000  1.5552102651e-01  5.2910174032e-01
6.800000  1.5551684417e-01  5.2908061926e-01
6.900000  1.5551219888e-01  5.2905948809e-01
7.000000  1.5550703620e-01  5.2903834519e-01
7.100000  1.5550129546e-01  5.2901718877e-01
7.200000  1.5549490900e-01  5.2899601677e-01
7.300000  1.5548780145e-01  5.2897482695e-01
7.400000  1.5547988887e-01  5.2895361675e-01
7.500000  1.5547107788e-01  5.2893238331e-01
7.600000  1.5546126467e-01  5.2891112343e-01
7.700000  1.5545033391e-01  5.2888983352e-01
7.800000  1.5543815765e-01  5.2886850955e-01
7.900000  1.5542459407e-01  5.2884714701e-01
8.000000  1.5540948623e-01  5.2882574084e-01
8.100000  1.5539266067e-01  5.2880428535e-01
8.200000  1.5537392611e-01  5.2878277418e-01
8.300000  1.5535307200e-01  5.2876120017e-01
8.400000  1.5532986717e-01  5.2873955531e-01
8.500000  1.5530405859e-01  5.2871783059e-01
8.600000  1.5527537018e-01  5.2869601593e-01
8.700000  1.5524350204e-01  5.2867409997e-01
8.800000  1.5520812988e-01  5.2865206999e-01
8.900000  1.5516890519e-01  5.2862991170e-01
9.000000  1.5512545606e-01  5.2860760904e-01
9.100000  1.5507738911e-01  5.2858514399e-01
9.200000  1.5502429281e-01  5.2856249630e-01
9.300000  1.5496574262e-01  5.2853964323e-01
9.400000  1.5490130838e-01  5.2851655925e-01
9.500000  1.5483056462e-01  5.2849321569e-01
9.600000  1.5475310431e-01  5.2846958037e-01
9.700000  1.5466855666e-01  5.2844561718e-01
9.800000  1.5457660951e-01  5.2842128564e-01
9.900000  1.5447703673e-01  5.2839654040e-01
10.000000  1.5436973047e-01  5.2837133067e-01
10.100000  1.5425473804e-01  5.2834559967e-01
10.200000  1.5413230200e-01  5.2831928398e-01
10.300000  1.5400290162e-01  5.2829231287e-01
10.400000  1.5386729290e-01  5.2826460758e-01
10.500000  1.5372654338e-01  5.2823608061e-01
10.600000  1.5358205767e-01  5.2820663492e-01
10.700000  1.5343558929e-01  5.2817616320e-01
10.800000  1.5328923461e-01  5.2814454708e-01
10.900000  1.5314540538e-01  5.2811165650e-01
11.000000  1.5300677789e-01  5.2807734902e-01
11.100000  1.5287621809e-01  5.2804146940e-01
11.200000  1.5275668485e-01  5.2800384918e-01
11.300000  1.5265111598e-01  5.2796430666e-01
11.400000  1.5256230419e-01  5.2792264696e-01
11.500000  1.5249277223e-01  5.2787866254e-01
11.600000  1.5244465732e-01  5.2783213414e-01
11.700000  1.5241961413e-01  5.2778283213e-01
11.800000  1.5241874394e-01  5.2773051882e-01
11.900000  1.5244255425e-01  5.2767495023e-01
12.000000  1.5249095029e-01  5.2761587886e-01
12.100000  1.5256325653e-01  5.2755305661e-01
12.200000  1.5265826436e-01  5.2748623726e-01
12.300000  1.5277430042e-01  5.2741517899e-01
12.400000  1.5290930972e-01  5.2733964642e-01
12.500000  1.5306094732e-01  5.2725941382e-01
12.600000  1.5322667301e-01  5.2717426313e-01
12.700000  1.5340384430e-01  5.2708398691e-01
12.800000  1.5358980348e-01  5.2698838547e-01
12.900000  1.5378195613e-01  5.2688726865e-01
13.000000  1.5397783880e-01  5.2678045533e-01
13.100000  1.5417517466e-01  5.2666777221e-01
13.200000  1.5437191682e-01  5.2654905673e-01
13.300000  1.5456627912e-01  5.2642415658e-01
13.400000  1.5475675518e-01  5.2629292804e-01
13.500000  1.5494212647e-01  5.2615523410e-01
13.600000  1.5512146055e-01  5.2601095453e-01
13.700000  1.5529410063e-01  5.2585997865e-01
13.800000  1.5545964757e-01  5.2570220044e-01
13.900000  1.5561793575e-01  5.2553753137e-01
14.000000  1.5576900396e-01  5.2536589625e-01
14.100000  1.5591306269e-01  5.2518723120e-01
14.200000  1.5605045933e-01  5.2500148660e-01
14.300000  1.5618164272e-01  5.2480862430e-01
14.400000  1.5630712856e-01  5.2460861889e-01
14.500000  1.5642746695e-01  5.2440143748e-01
14.600000  1.5654321317e-01  5.2418705839e-01
14.700000  1.5665490283e-01  5.2396546721e-01
14.800000  1.5676303165e-01  5.2373664030e-01
14.900000  1.5686804031e-01  5.2350055149e-01
15.000000  1.5697030429e-01  5.2325719121e-01
15.100000  1.5707012849e-01  5.2300654114e-01
15.200000  1.5716774584e-01  5.2274858016e-01
15.300000  1.5726331938e-01  5.2248329416e-01
15.400000  1.5735694732e-01  5.2221066361e-01
15.500000  1.5744866970e-01  5.2193066169e-01
15.600000  1.5753847681e-01  5.2164327498e-01
15.700000  1.5762631817e-01  5.2134847979e-01
15.800000  1.5771211198e-01  5.2104626069e-01
15.900000  1.5779575449e-01  5.2073659879e-01
16.000000  1.5787712910e-01  5.2041948881e-01
16.100000  1.5795611492e-01  5.2009490796e-01
16.200000  1.5803259451e-01  5.1976283199e-01
16.300000  1.5810646112e-01  5.1942325529e-01
16.400000  1.5817762515e-01  5.1907617812e-01
16.500000  1.5824601942e-01  5.1872158113e-01
16.600000  1.5831160365e-01  5.1835947153e-01
16.700000  1.5837436759e-01  5.1798988365e-01
16.800000  1.5843433295e-01  5.1761288730e-01
16.900000  1.5849155382e-01  5.1722855176e-01
17.000000  1.5854611592e-01  5.1683694426e-01
17.100000  1.5859813448e-01  5.1643813318e-01
17.200000  1.5864775123e-01  5.1603220520e-01
17.300000  1.5869512982e-01  5.1561927049e-01
17.400000  1.5874044953e-01  5.1519944166e-01
17.500000  1.5878389734e-01  5.1477281799e-01
17.600000  1.5882565888e-01  5.1433948323e-01
17.700000  1.5886590949e-01  5.1389947907e-01
17.800000  1.5890480643e-01  5.1345281316e-01
17.900000  1.5894248360e-01  5.1299949590e-01
18.000000  1.5897904915e-01  5.1253955110e-01
18.100000  1.5901458521e-01  5.1207299465e-01
18.200000  1.5904914897e-01  5.1159984248e-01
18.300000  1.5908277589e-01  5.1112014422e-01
18.400000  1.5911548384e-01  5.1063395170e-01
18.500000  1.5914727827e-01  5.1014130762e-01
18.600000  1.5917815874e-01  5.0964227154e-01
18.700000  1.5920812508e-01  5.0913692349e-01
18.800000  1.5923718363e-01  5.0862534799e-01
18.900000  1.5926535152e-01  5.0810757364e-01
19.000000  1.5929265972e-01  5.0758359977e-01
19.100000  1.5931915519e-01  5.0705346618e-01
19.200000  1.5934490152e-01  5.0651725538e-01
19.300000  1.5936997779e-01  5.0597506427e-01
19.400000  1.5939447453e-01  5.0542697182e-01
19.500000  1.5941848604e-01  5.0487302780e-01
19.600000  1.5944209955e-01  5.0431338319e-01
19.700000  1.5946538338e-01  5.0374821335e-01
19.800000  1.5948837469e-01  5.0317768760e-01
19.900000  1.5951107247e-01  5.0260202482e-01
20.000000  1.5953343714e-01  5.0202140380e-01
