# t     E(t)    Z(t)
# nu = 0.0001  delta = 0.2  eps = 0.01  U0 = 1.0
0.100000  1.5556953333e-01  5.3030548241e-01
0.200000  1.5556680281e-01  5.3009372911e-01
0.300000  1.5556407197e-01  5.2988227729e-01
0.400000  1.5556134080e-01  5.2967112610e-01
0.500000  1.5555860927e-01  5.2946027470e-01
0.600000  1.5555587736e-01  5.2924972227e-01
0.700000  1.5555314504e-01  5.2903946799e-01
0.800000  1.5555041227e-01  5.2882951102e-01
0.900000  1.5554767899e-01  5.2861985054e-01
1.000000  1.5554494516e-01  5.2841048574e-01
1.100000  1.5554221071e-01  5.2820141580e-01
1.200000  1.5553947556e-01  5.2799263990e-01
1.300000  1.5553673964e-01  5.2778415724e-01
1.400000  1.5553400284e-01  5.2757596700e-01
1.500000  1.5553126506e-01  5.2736806838e-01
1.600000  1.5552852618e-01  5.2716046056e-01
1.700000  1.5552578606e-01  5.2695314274e-01
1.800000  1.5552304455e-01  5.2674611412e-01
1.900000  1.5552030147e-01  5.2653937388e-01
2.000000  1.5551755663e-01  5.2633292122e-01
2.100000  1.5551480982e-01  5.2612675533e-01
2.200000  1.5551206078e-01  5.2592087541e-01
2.300000  1.5550930924e-01  5.2571528062e-01
2.400000  1.5550655491e-01  5.2550997017e-01
2.500000  1.5550379743e-01  5.2530494323e-01
2.600000  1.5550103644e-01  5.2510019897e-01
2.700000  1.5549827149e-01  5.2489573657e-01
2.800000  1.5549550211e-01  5.2469155517e-01
2.900000  1.5549272777e-01  5.2448765395e-01
3.000000  1.5548994787e-01  5.2428403202e-01
3.100000  1.5548716174e-01  5.2408068853e-01
3.200000  1.5548436864e-01  5.2387762258e-01
3.300000  1.5548156772e-01  5.2367483327e-01
3.400000  1.5547875806e-01  5.2347231969e-01
3.500000  1.5547593861e-01  5.2327008089e-01
3.600000  1.5547310821e-01  5.2306811590e-01
3.700000  1.5547026555e-01  5.2286642372e-01
3.800000  1.5546740917e-01  5.2266500333e-01
3.900000  1.5546453745e-01  5.2246385366e-01
4.000000  1.5546164855e-01  5.2226297360e-01
4.100000  1.5545874046e-01  5.2206236201e-01
4.200000  1.5545581088e-01  5.2186201768e-01
4.300000  1.5545285727e-01  5.2166193935e-01
4.400000  1.5544987678e-01  5.2146212568e-01
4.500000  1.5544686625e-01  5.2126257527e-01
4.600000  1.5544382210e-01  5.2106328663e-01
4.700000  1.5544074037e-01  5.2086425817e-01
4.800000  1.5543761662e-01  5.2066548822e-01
4.900000  1.5543444588e-01  5.2046697495e-01
5.000000  1.5543122260e-01  5.2026871642e-01
5.100000  1.5542794058e-01  5.2007071055e-01
5.200000  1.5542459289e-01  5.1987295507e-01
5.300000  1.5542117178e-01  5.1967544753e-01
5.400000  1.5541766861e-01  5.1947818527e-01
5.500000  1.5541407371e-01  5.1928116540e-01
5.600000  1.5541037627e-01  5.1908438476e-01
5.700000  1.5540656423e-01  5.1888783990e-01
5.800000  1.5540262411e-01  5.1869152702e-01
5.900000  1.5539854085e-01  5.1849544198e-01
6.000000  1.5539429765e-01  5.1829958022e-01
6.100000  1.5538987574e-01  5.1810393669e-01
6.200000  1.5538525417e-01  5.1790850586e-01
6.300000  1.5538040954e-01  5.1771328161e-01
6.400000  1.5537531577e-01  5.1751825716e-01
6.500000  1.5536994372e-01  5.1732342503e-01
6.600000  1.5536426093e-01  5.1712877692e-01
6.700000  1.5535823117e-01  5.1693430364e-01
6.800000  1.5535181406e-01  5.1673999498e-01
6.900000  1.5534496463e-01  5.1654583961e-01
7.000000  1.5533763274e-01  5.1635182495e-01
7.100000  1.5532976259e-01  5.1615793700e-01
7.200000  1.5532129208e-01  5.1596416020e-01
7.300000  1.5531215212e-01  5.1577047723e-01
7.400000  1.5530226591e-01  5.1557686880e-01
7.500000  1.5529154816e-01  5.1538331344e-01
7.600000  1.5527990417e-01  5.1518978721e-01
7.700000  1.5526722895e-01  5.1499626345e-01
7.800000  1.5525340617e-01  5.1480271242e-01
7.900000  1.5523830712e-01  5.1460910096e-01
8.000000  1.5522178956e-01  5.1441539206e-01
8.100000  1.5520369655e-01  5.1422154444e-01
8.200000  1.5518385523e-01  5.1402751202e-01
8.300000  1.5516207558e-01  5.1383324338e-01
8.400000  1.5513814921e-01  5.1363868107e-01
8.500000  1.5511184824e-01  5.1344376096e-01
8.600000  1.5508292422e-01  5.1324841141e-01
8.700000  1.5505110731e-01  5.1305255239e-01
8.800000  1.5501610572e-01  5.1285609449e-01
8.900000  1.5497760561e-01  5.1265893785e-01
9.000000  1.5493527154e-01  5.1246097085e-01
9.100000  1.5488874772e-01  5.1226206885e-01
9.200000  1.5483766033e-01  5.1206209259e-01
9.300000  1.5478162115e-01  5.1186088656e-01
9.400000  1.5472023294e-01  5.1165827720e-01
9.500000  1.5465309697e-01  5.1145407079e-01
9.600000  1.5457982308e-01  5.1124805139e-01
9.700000  1.5450004286e-01  5.1103997836e-01
9.800000  1.5441342637e-01  5.1082958389e-01
9.900000  1.5431970274e-01  5.1061657029e-01
10.000000  1.5421868480e-01  5.1040060712e-01
10.100000  1.5411029785e-01  5.1018132823e-01
10.200000  1.5399461167e-01  5.0995832869e-01
10.300000  1.5387187505e-01  5.0973116167e-01
10.400000  1.5374255084e-01  5.0949933533e-01
10.500000  1.5360734927e-01  5.0926230970e-01
10.600000  1.5346725645e-01  5.0901949373e-01
10.700000  1.5332355478e-01  5.0877024252e-01
10.800000  1.5317783185e-01  5.0851385481e-01
10.900000  1.5303197453e-01  5.0824957093e-01
11.000000  1.5288814593e-01  5.0797657130e-01
11.100000  1.5274874339e-01  5.0769397558e-01
11.200000  1.5261633764e-01  5.0740084288e-01
11.300000  1.5249359426e-01  5.0709617291e-01
11.400000  1.5238318092e-01  5.0677890881e-01
11.500000  1.5228766552e-01  5.0644794152e-01
11.600000  1.5220941187e-01  5.0610211632e-01
11.700000  1.5215048058e-01  5.0574024177e-01
11.800000  1.5211254257e-01  5.0536110098e-01
11.900000  1.5209681168e-01  5.0496346607e-01
12.000000  1.5210400075e-01  5.0454611421e-01
12.100000  1.5213430322e-01  5.0410784606e-01
12.200000  1.5218739972e-01  5.0364750444e-01
12.300000  1.5226248727e-01  5.0316399432e-01
12.400000  1.5235832701e-01  5.0265629954e-01
12.500000  1.5247330588e-01  5.0212349911e-01
12.600000  1.5260550754e-01  5.0156477960e-01
12.700000  1.5275278783e-01  5.0097944332e-01
12.800000  1.5291285119e-01  5.0036691154e-01
12.900000  1.5308332444e-01  4.9972672456e-01
13.000000  1.5326182572e-01  4.9905853815e-01
13.100000  1.5344602656e-01  4.9836211591e-01
13.200000  1.5363370591e-01  4.9763732550e-01
13.300000  1.5382279525e-01  4.9688412263e-01
13.400000  1.5401141455e-01  4.9610255249e-01
13.500000  1.5419789901e-01  4.9529273235e-01
13.600000  1.5438081694e-01  4.9445485799e-01
13.700000  1.5455897935e-01  4.9358918496e-01
13.800000  1.5473144179e-01  4.9269603455e-01
13.900000  1.5489749948e-01  4.9177578746e-01
14.000000  1.5505667621e-01  4.9082887736e-01
14.100000  1.5520870805e-01  4.8985579657e-01
14.200000  1.5535352265e-01  4.8885708584e-01
14.300000  1.5549121496e-01  4.8783333221e-01
14.400000  1.5562202045e-01  4.8678516724e-01
14.500000  1.5574628676e-01  4.8571326037e-01
14.600000  1.5586444500e-01  4.8461830444e-01
14.700000  1.5597698154e-01  4.8350101366e-01
14.800000  1.5608441162e-01  4.8236212306e-01
14.900000  1.5618725531e-01  4.8120237004e-01
15.000000  1.5628601685e-01  4.8002248947e-01
15.100000  1.5638116765e-01  4.7882321986e-01
15.200000  1.5647313339e-01  4.7760529389e-01
15.300000  1.5656228514e-01  4.7636944097e-01
15.400000  1.5664893436e-01  4.7511638926e-01
15.500000  1.5673333146e-01  4.7384688080e-01
15.600000  1.5681566716e-01  4.7256164774e-01
15.700000  1.5689607641e-01  4.7126143951e-01
15.800000  1.5697464388e-01  4.6994699997e-01
15.900000  1.5705141068e-01  4.6861907911e-01
16.000000  1.5712638163e-01  4.6727842304e-01
16.100000  1.5719953268e-01  4.6592577935e-01
16.200000  1.5727081818e-01  4.6456188876e-01
16.300000  1.5734017763e-01  4.6318747608e-01
16.400000  1.5740754203e-01  4.6180327097e-01
16.500000  1.5747283939e-01  4.6040998354e-01
16.600000  1.5753599981e-01  4.5900832119e-01
16.700000  1.5759695993e-01  4.5759898967e-01
16.800000  1.5765566687e-01  4.5618268114e-01
16.900000  1.5771208167e-01  4.5476009089e-01
17.000000  1.5776618231e-01  4.5333191612e-01
17.100000  1.5781796607e-01  4.5189885671e-01
17.200000  1.5786745129e-01  4.5046161199e-01
17.300000  1.5791467834e-01  4.4902088131e-01
17.400000  1.5795970974e-01  4.4757735864e-01
17.500000  1.5800262931e-01  4.4613173283e-01
17.600000  1.5804354025e-01  4.4468467909e-01
17.700000  1.5808256216e-01  4.4323686210e-01
17.800000  1.5811982710e-01  4.4178895067e-01
17.900000  1.5815547452e-01  4.4034160362e-01
18.000000  1.5818964561e-01  4.3889546362e-01
18.100000  1.5822247724e-01  4.3745116017e-01
18.200000  1.5825409607e-01  4.3600931246e-01
18.300000  1.5828461335e-01  4.3457052572e-01
18.400000  1.5831412089e-01  4.3313539811e-01
18.500000  1.5834268858e-01  4.3170452392e-01
18.600000  1.5837036351e-01  4.3027849496e-01
18.700000  1.5839717083e-01  4.2885790385e-01
18.800000  1.5842311619e-01  4.2744332726e-01
18.900000  1.5844818970e-01  4.2603533101e-01
19.000000  1.5847237125e-01  4.2463446923e-01
19.100000  1.5849563694e-01  4.2324128697e-01
19.200000  1.5851796603e-01  4.2185631488e-01
19.300000  1.5853934804e-01  4.2048006227e-01
19.400000  1.5855978898e-01  4.1911302430e-01
19.500000  1.5857931613e-01  4.1775567912e-01
19.600000  1.5859798079e-01  4.1640848951e-01
19.700000  1.5861585840e-01  4.1507190346e-01
19.800000  1.5863304598e-01  4.1374635093e-01
19.900000  1.5864965696e-01  4.1243223935e-01
20.000000  1.5866581379e-01  4.1112995361e-01
