# t     E(t)    Z(t)
# nu = 0.0001  delta = 0.2  eps = 0.01  U0 = 1.0
0.100000  1.3649301470e-01  5.3030548241e-01
0.200000  1.3648342392e-01  5.3009372911e-01
0.300000  1.3647383737e-01  5.2988227729e-01
0.400000  1.3646425505e-01  5.2967112610e-01
0.500000  1.3645467695e-01  5.2946027470e-01
0.600000  1.3644510306e-01  5.2924972227e-01
0.700000  1.3643553338e-01  5.2903946799e-01
0.800000  1.3642596791e-01  5.2882951102e-01
0.900000  1.3641640662e-01  5.2861985054e-01
1.000000  1.3640684953e-01  5.2841048574e-01
1.100000  1.3639729663e-01  5.2820141580e-01
1.200000  1.3638774790e-01  5.2799263990e-01
1.300000  1.3637820334e-01  5.2778415724e-01
1.400000  1.3636866295e-01  5.2757596700e-01
1.500000  1.3635912673e-01  5.2736806838e-01
1.600000  1.3634959465e-01  5.2716046056e-01
1.700000  1.3634006673e-01  5.2695314274e-01
1.800000  1.3633054295e-01  5.2674611412e-01
1.900000  1.3632102331e-01  5.2653937388e-01
2.000000  1.3631150780e-01  5.2633292122e-01
2.100000  1.3630199641e-01  5.2612675533e-01
2.200000  1.3629248915e-01  5.2592087541e-01
2.300000  1.3628298600e-01  5.2571528062e-01
2.400000  1.3627348696e-01  5.2550997017e-01
2.500000  1.3626399202e-01  5.2530494323e-01
2.600000  1.3625450118e-01  5.2510019897e-01
2.700000  1.3624501443e-01  5.2489573657e-01
2.800000  1.3623553177e-01  5.2469155517e-01
2.900000  1.3622605319e-01  5.2448765395e-01
3.000000  1.3621657869e-01  5.2428403202e-01
3.100000  1.3620710825e-01  5.2408068853e-01
3.200000  1.3619764188e-01  5.2387762258e-01
3.300000  1.3618817957e-01  5.2367483327e-01
3.400000  1.3617872131e-01  5.2347231969e-01
3.500000  1.3616926710e-01  5.2327008089e-01
3.600000  1.3615981693e-01  5.2306811590e-01
3.700000  1.3615037080e-01  5.2286642372e-01
3.800000  1.3614092870e-01  5.2266500333e-01
3.900000  1.3613149062e-01  5.2246385366e-01
4.000000  1.3612205656e-01  5.2226297360e-01
4.100000  1.3611262652e-01  5.2206236201e-01
4.200000  1.3610320049e-01  5.2186201768e-01
4.300000  1.3609377846e-01  5.2166193935e-01
4.400000  1.3608436044e-01  5.2146212568e-01
4.500000  1.3607494640e-01  5.2126257527e-01
4.600000  1.3606553635e-01  5.2106328663e-01
4.700000  1.3605613029e-01  5.2086425817e-01
4.800000  1.3604672821e-01  5.2066548822e-01
4.900000  1.3603733009e-01  5.2046697495e-01
5.000000  1.3602793595e-01  5.2026871642e-01
5.100000  1.3601854577e-01  5.2007071055e-01
5.200000  1.3600915954e-01  5.1987295507e-01
5.300000  1.3599977727e-01  5.1967544753e-01
5.400000  1.3599039895e-01  5.1947818527e-01
5.500000  1.3598102457e-01  5.1928116540e-01
5.600000  1.3597165412e-01  5.1908438476e-01
5.700000  1.3596228761e-01  5.1888783990e-01
5.800000  1.3595292503e-01  5.1869152702e-01
5.900000  1.3594356637e-01  5.1849544198e-01
6.000000  1.3593421164e-01  5.1829958022e-01
6.100000  1.3592486081e-01  5.1810393669e-01
6.200000  1.3591551390e-01  5.1790850586e-01
6.300000  1.3590617089e-01  5.1771328161e-01
6.400000  1.3589683179e-01  5.1751825716e-01
6.500000  1.3588749659e-01  5.1732342503e-01
6.600000  1.3587816528e-01  5.1712877692e-01
6.700000  1.3586883786e-01  5.1693430364e-01
6.800000  1.3585951433e-01  5.1673999498e-01
6.900000  1.3585019468e-01  5.1654583961e-01
7.000000  1.3584087892e-01  5.1635182495e-01
7.100000  1.3583156703e-01  5.1615793700e-01
7.200000  1.3582225902e-01  5.1596416020e-01
7.300000  1.3581295489e-01  5.1577047723e-01
7.400000  1.3580365463e-01  5.1557686880e-01
7.500000  1.3579435824e-01  5.1538331344e-01
7.600000  1.3578506572e-01  5.1518978721e-01
7.700000  1.3577577707e-01  5.1499626345e-01
7.800000  1.3576649229e-01  5.1480271242e-01
7.900000  1.3575721138e-01  5.1460910096e-01
8.000000  1.3574793435e-01  5.1441539206e-01
8.100000  1.3573866119e-01  5.1422154444e-01
8.200000  1.3572939191e-01  5.1402751202e-01
8.300000  1.3572012652e-01  5.1383324338e-01
8.400000  1.3571086501e-01  5.1363868107e-01
8.500000  1.3570160740e-01  5.1344376096e-01
8.600000  1.3569235369e-01  5.1324841141e-01
8.700000  1.3568310389e-01  5.1305255239e-01
8.800000  1.3567385801e-01  5.1285609449e-01
8.900000  1.3566461607e-01  5.1265893785e-01
9.000000  1.3565537808e-01  5.1246097085e-01
9.100000  1.3564614406e-01  5.1226206885e-01
9.200000  1.3563691403e-01  5.1206209259e-01
9.300000  1.3562768801e-01  5.1186088656e-01
9.400000  1.3561846603e-01  5.1165827720e-01
9.500000  1.3560924811e-01  5.1145407079e-01
9.600000  1.3560003430e-01  5.1124805139e-01
9.700000  1.3559082463e-01  5.1103997836e-01
9.800000  1.3558161914e-01  5.1082958389e-01
9.900000  1.3557241789e-01  5.1061657029e-01
10.000000  1.3556322092e-01  5.1040060712e-01
10.100000  1.3555402831e-01  5.1018132823e-01
10.200000  1.3554484012e-01  5.0995832869e-01
10.300000  1.3553565643e-01  5.0973116167e-01
10.400000  1.3552647733e-01  5.0949933533e-01
10.500000  1.3551730291e-01  5.0926230970e-01
10.600000  1.3550813329e-01  5.0901949373e-01
10.700000  1.3549896860e-01  5.0877024252e-01
10.800000  1.3548980896e-01  5.0851385481e-01
10.900000  1.3548065452e-01  5.0824957093e-01
11.000000  1.3547150546e-01  5.0797657130e-01
11.100000  1.3546236194e-01  5.0769397558e-01
11.200000  1.3545322419e-01  5.0740084288e-01
11.300000  1.3544409241e-01  5.0709617291e-01
11.400000  1.3543496685e-01  5.0677890881e-01
11.500000  1.3542584777e-01  5.0644794152e-01
11.600000  1.3541673546e-01  5.0610211632e-01
11.700000  1.3540763022e-01  5.0574024177e-01
11.800000  1.3539853239e-01  5.0536110098e-01
11.900000  1.3538944232e-01  5.0496346607e-01
12.000000  1.3538036040e-01  5.0454611421e-01
12.100000  1.3537128704e-01  5.0410784606e-01
12.200000  1.3536222266e-01  5.0364750444e-01
12.300000  1.3535316772e-01  5.0316399432e-01
12.400000  1.3534412268e-01  5.0265629954e-01
12.500000  1.3533508806e-01  5.0212349911e-01
12.600000  1.3532606434e-01  5.0156477960e-01
12.700000  1.3531705207e-01  5.0097944332e-01
12.800000  1.3530805177e-01  5.0036691154e-01
12.900000  1.3529906400e-01  4.9972672456e-01
13.000000  1.3529008931e-01  4.9905853815e-01
13.100000  1.3528112827e-01  4.9836211591e-01
13.200000  1.3527218144e-01  4.9763732550e-01
13.300000  1.3526324939e-01  4.9688412263e-01
13.400000  1.3525433269e-01  4.9610255249e-01
13.500000  1.3524543190e-01  4.9529273235e-01
13.600000  1.3523654759e-01  4.9445485799e-01
13.700000  1.3522768031e-01  4.9358918496e-01
13.800000  1.3521883063e-01  4.9269603455e-01
13.900000  1.3520999907e-01  4.9177578746e-01
14.000000  1.3520118620e-01  4.9082887736e-01
14.100000  1.3519239252e-01  4.8985579657e-01
14.200000  1.3518361856e-01  4.8885708584e-01
14.300000  1.3517486483e-01  4.8783333221e-01
14.400000  1.3516613181e-01  4.8678516724e-01
14.500000  1.3515742000e-01  4.8571326037e-01
14.600000  1.3514872986e-01  4.8461830444e-01
14.700000  1.3514006184e-01  4.8350101366e-01
14.800000  1.3513141639e-01  4.8236212306e-01
14.900000  1.3512279392e-01  4.8120237004e-01
15.000000  1.3511419485e-01  4.8002248947e-01
15.100000  1.3510561957e-01  4.7882321986e-01
15.200000  1.3509706847e-01  4.7760529389e-01
15.300000  1.3508854190e-01  4.7636944097e-01
15.400000  1.3508004023e-01  4.7511638926e-01
15.500000  1.3507156378e-01  4.7384688080e-01
15.600000  1.3506311288e-01  4.7256164774e-01
15.700000  1.3505468784e-01  4.7126143951e-01
15.800000  1.3504628894e-01  4.6994699997e-01
15.900000  1.3503791647e-01  4.6861907911e-01
16.000000  1.3502957069e-01  4.6727842304e-01
16.100000  1.3502125184e-01  4.6592577935e-01
16.200000  1.3501296016e-01  4.6456188876e-01
16.300000  1.3500469586e-01  4.6318747608e-01
16.400000  1.3499645915e-01  4.6180327097e-01
16.500000  1.3498825021e-01  4.6040998354e-01
16.600000  1.3498006923e-01  4.5900832119e-01
16.700000  1.3497191635e-01  4.5759898967e-01
16.800000  1.3496379174e-01  4.5618268114e-01
16.900000  1.3495569551e-01  4.5476009089e-01
17.000000  1.3494762779e-01  4.5333191612e-01
17.100000  1.3493958869e-01  4.5189885671e-01
17.200000  1.3493157829e-01  4.5046161199e-01
17.300000  1.3492359667e-01  4.4902088131e-01
17.400000  1.3491564390e-01  4.4757735864e-01
17.500000  1.3490772002e-01  4.4613173283e-01
17.600000  1.3489982506e-01  4.4468467909e-01
17.700000  1.3489195906e-01  4.4323686210e-01
17.800000  1.3488412201e-01  4.4178895067e-01
17.900000  1.3487631392e-01  4.4034160362e-01
18.000000  1.3486853476e-01  4.3889546362e-01
18.100000  1.3486078451e-01  4.3745116017e-01
18.200000  1.3485306312e-01  4.3600931246e-01
18.300000  1.3484537054e-01  4.3457052572e-01
18.400000  1.3483770670e-01  4.3313539811e-01
18.500000  1.3483007152e-01  4.3170452392e-01
18.600000  1.3482246491e-01  4.3027849496e-01
18.700000  1.3481488677e-01  4.2885790385e-01
18.800000  1.3480733698e-01  4.2744332726e-01
18.900000  1.3479981542e-01  4.2603533101e-01
19.000000  1.3479232194e-01  4.2463446923e-01
19.100000  1.3478485641e-01  4.2324128697e-01
19.200000  1.3477741866e-01  4.2185631488e-01
19.300000  1.3477000852e-01  4.2048006227e-01
19.400000  1.3476262582e-01  4.1911302430e-01
19.500000  1.3475527036e-01  4.1775567912e-01
19.600000  1.3474794195e-01  4.1640848951e-01
19.700000  1.3474064038e-01  4.1507190346e-01
19.800000  1.3473336542e-01  4.1374635093e-01
19.900000  1.3472611687e-01  4.1243223935e-01
20.000000  1.3471889448e-01  4.1112995361e-01
